S0 = 550;
W0 = 50;
M0 = 3300;

% ri = [0.00000  0.00000  0.00000  0.00000  0.00000  0.00000  0.00000 44.97116  0.00000  0.00000  0.00000  0.00000  0.00000  0.00000 0.00000  0.00000  0.00000  0.00000 65.75602  0.00000  0.00000 27.86544  0.00000  0.00000  0.00000 28.99561  0.00000  0.00000 0.00000  0.00000 29.85251 25.29736 39.11327 55.15084 40.33066  0.00000  0.00000 37.79152  0.00000 55.90280  0.00000  0.00000 32.27872 40.95135 38.51757 37.32426 52.60985 31.00911 48.35350  0.00000 36.13249  0.00000  0.00000  0.00000 32.71036  0.00000 0.00000  0.00000  0.00000  0.00000 43.33404  0.00000  0.00000  0.00000  0.00000 38.62308 50.17503 56.84198  0.00000 38.54251 36.73649 52.57229 33.30462  0.00000  0.00000  0.00000  0.00000 33.84840 57.14595 39.20793 70.83283  0.00000  0.00000  0.00000 0.00000  0.00000 47.96435 34.25741 40.72880 58.54616 37.38026  0.00000  0.00000  0.00000  0.00000  0.00000  0.00000 34.19464 35.14720 47.67437  0.00000 35.00915 36.15794  0.00000 39.88059  0.00000  0.00000 46.56413 37.24047  0.00000  0.00000  0.00000 27.38285 48.41236  0.00000  0.00000  0.00000 33.05096 32.29945 39.29938  0.00000  0.00000  0.00000  0.00000  0.00000  0.00000 41.03552 39.26319 36.65218 50.21381 34.87198  0.00000  0.00000  0.00000  0.00000  0.00000  0.00000 35.47622 52.58698  0.00000 25.07190  0.00000  0.00000 37.63503  0.00000 45.68605  0.00000  0.00000  0.00000  0.00000  0.00000];
ri = [32.30574 28.81493 45.23804 39.08594 46.92608  0.00000 42.05357 42.14653 36.82639  0.00000  0.00000 27.10817 65.65147 ...
    40.85251  0.00000  0.00000 24.66867  0.00000  0.00000 45.14815 34.79740 49.66188 52.53922 51.54855 32.64569 39.90972 ...
    59.47834  0.00000  0.00000 30.86151 29.10017 22.96994 33.98346 22.83858 36.97548 34.49276 33.47493 32.80177 32.99884 ...
32.86356 45.69457 46.62872 36.25070 35.89218  0.00000  0.00000  0.00000  0.00000 27.39798 36.71877 36.55987 51.92162 ...
26.83294 30.01222 39.05832 41.27991 53.79303 50.55972 53.42327 38.14068 33.50290 38.00386 34.69497 54.84132 30.64656 ...
36.64141  0.00000  0.00000  0.00000  0.00000 48.66819 48.81835 45.39661 27.69628 39.40741  0.00000 46.32176 29.22254 ...
37.01667 30.23178 45.31359 52.05260 69.65689 42.94322 28.70019 29.77819 38.52614 43.58502 34.01188 33.94846 41.00888 ...
42.19512 36.46396 24.13492 44.03667 49.17387 43.95661  0.00000  0.00000  0.00000 40.06573 44.78000  0.00000 29.73654 ...
29.32549 31.63068  0.00000  0.00000  0.00000  0.00000 57.40941 44.98816 34.85365 42.54719 56.12523  0.00000 55.70204 ...
0.00000  0.00000 34.42173  0.00000  0.00000  0.00000  0.00000 32.36875 37.09257 33.39490 47.68008 41.08785 35.09643...
33.77138 47.96575 36.79406 30.05836  0.00000 31.48923 46.31720  0.00000  0.00000  0.00000 31.61950 38.24446  0.00000 ...
29.99861 42.50942 46.38960 43.43127  0.00000  0.00000  0.00000  0.00000  0.00000  0.00000  0.00000  0.00000  0.00000 ...
0.00000 21.71490 55.42673 52.83994 38.77941 37.25538 45.31470  0.00000  0.00000  0.00000 30.45378  0.00000  0.00000 ...
0.00000  0.00000  0.00000  0.00000  0.00000  0.00000  0.00000  0.00000  0.00000  0.00000  0.00000  0.00000  0.00000 ...
0.00000  0.00000  0.00000 41.42161  0.00000  0.00000  0.00000 31.22097 41.25340  0.00000  0.00000  0.00000 22.94547 ...
40.86466  0.00000 30.76295  0.00000  0.00000  0.00000  0.00000  0.00000  0.00000  0.00000  0.00000  0.00000  0.00000 ...
0.00000  0.00000  0.00000  0.00000  0.00000  0.00000 54.65267  0.00000  0.00000  0.00000 40.60340  0.00000  0.00000 ...
0.00000 34.37993 74.82007 48.17269 45.74523 38.85931  0.00000  0.00000 40.89970 36.47278 29.35037  0.00000  0.00000 ...
0.00000  0.00000  0.00000  0.00000  0.00000  0.00000  0.00000  0.00000  0.00000  0.00000  0.00000 30.79778 28.41774 ...
39.47823 40.33961 33.27233 25.04294];

% ri = [0.00000  0.00000 25.55950 57.47675  0.00000 46.25609  0.00000 32.27200  0.00000 49.87524 49.98220  0.00000  0.00000 ...
%  36.07524 61.70717 33.70154 37.99596 37.33065 53.92959 44.51750 30.26242 33.48681 37.05267 38.43601 61.75504 38.65405 ...
%  36.94010  0.00000  0.00000 39.16799 34.91803 28.59440  0.00000 37.70095 35.30828 35.64343 28.81287 47.65045  0.00000 ...
%  0.00000 32.51694  0.00000  0.00000  0.00000  0.00000 39.90354 47.41832 37.51384 39.16910 34.56179  0.00000  0.00000 ...
%  39.36074 48.89345  0.00000  0.00000 24.49466 39.73878  0.00000  0.00000 33.83615 36.56081 42.77249 19.93185 34.59547 ...
%  36.73927 54.72012  0.00000 32.42135 31.93208  0.00000  0.00000  0.00000  0.00000 32.24427 26.95272  0.00000  0.00000 ...
%  57.98888  0.00000 37.12522 31.03778  0.00000 48.69088 38.74579 51.89173 41.43344 39.49838 46.99551 45.50646  0.00000 ...
%  43.41006 36.97912 53.91576 37.35095 40.20512 39.47239 34.67333 47.32876 39.40118 42.96268 52.14326  0.00000 42.05618 ...
% 36.76316 20.70220  0.00000 42.38530 33.90479 29.71612 25.59017 37.85222 28.96588 42.43484 43.62919 35.40406 51.44228 ...
% 0.00000  0.00000 31.91686 35.65726  0.00000  0.00000  0.00000 42.05488 44.35047 26.04542 22.84738  0.00000 55.99942 ...
% 25.20646 38.92432  0.00000 36.81776 41.53514 73.30385 35.79876 31.06853 32.98427 40.74836 55.96502 42.42445 62.55240 ...
% 42.85938 25.57835  0.00000  0.00000  0.00000  0.00000  0.00000 27.68855 33.98338 62.60428 39.55187 47.04105 42.45889 ...
% 53.74048 36.49948 46.03902 29.90919  0.00000  0.00000  0.00000  0.00000  0.00000 61.25519  0.00000  0.00000 32.28802 ...
% 38.05827  0.00000  0.00000  0.00000  0.00000  0.00000  0.00000 44.37720 40.37106 44.62431  0.00000  0.00000  0.00000 ...
% 0.00000  0.00000  0.00000  0.00000  0.00000  0.00000  0.00000  0.00000  0.00000  0.00000  0.00000 41.42271 48.00448 ...
% 27.90141 50.14989 42.87211  0.00000  0.00000  0.00000  0.00000  0.00000  0.00000  0.00000 25.01850 50.59508 39.01204 ...
% 36.64105 44.18367  0.00000  0.00000  0.00000  0.00000  0.00000  0.00000  0.00000 33.48697  0.00000  0.00000  0.00000 ...
% 37.46681 29.99010  0.00000  0.00000  0.00000  0.00000  0.00000  0.00000  0.00000  0.00000  0.00000  0.00000  0.00000 ...
% 0.00000  0.00000 43.85802  0.00000 25.85899 33.01836 44.45742 46.91144 38.00385 36.55905 42.26820  0.00000 39.59353 ...
% 0.00000  0.00000  0.00000  0.00000];
