S0 = 1000;
M0 = 3000;
W0 = 500;
kf = 0.8;
kp = 0.014;
ks = 0.06;
kr = 0.004;
kw = 0.4;
kk = 0.005;
kd = 0;
ks_start = ks;

ri = 10;
delta_t = 0.5;
tw = 14;